1.0000000000000004
2.0
2.0000000000000004
2.0
2.0
2.0
3.0
2.0
1.0
1.0
2.0
2.0
1.0
1.0
1.0
1.0
1.9999999999999998
1.0
1.0
3.0
1.0
3.0
0.9999999999999999
0.9999999999999999
1.0
0.9999999999999999
1.0
2.0
2.0
2.0
1.0
1.0
1.0
1.0
1.0
0.9999999999999999
0.9999999999999999
0.9999999999999999
0.9999999999999999
2.0
2.0
1.0
0.9999999999999999
0.9999999999999999
1.0
1.0
1.0
1.0
1.0
1.0
1.0
1.0
0.9999999999999999
0.9999999999999999
1.0
0.9999999999999999
0.9999999999999999
1.0
0.9999999999999999
1.0
1.0
1.0
2.0
2.0
0.9999999999999999
1.0
2.0
2.0
1.0
1.0
2.0
1.0
0.0
1.0
1.0
1.9999999999999998
1.0
0.9999999999999999
2.0
2.0
1.0
1.0
1.0
0.9999999999999999
2.0
3.0
0.9999999999999999
2.0
2.0
1.0
1.0
2.0
2.0
2.0
0.9999999999999999
1.0
1.0
2.0
1.0
2.0
