1.0
3.9999999999999996
1.0
2.0
2.0
1.0
1.0
2.0
1.0
2.0000000000000004
1.0
2.0000000000000004
1.0
1.0
1.9999999999999996
1.0
1.0
1.0
3.0
1.0
1.9999999999999996
1.9999999999999996
1.0
1.0
2.0
2.0
2.0
1.0
1.0
1.0
2.0
1.0
1.0
1.0
1.0
1.0
1.0
1.0
1.0
1.0
1.0
1.0
1.0
1.0
0.9999999999999996
1.0
1.0
2.0
1.0
1.0
1.0
1.0
1.0
0.0
1.0
1.0
1.0
0.9999999999999996
1.0
1.0
1.0
1.0
1.0
1.0
1.0000000000000004
0.9999999999999996
1.0
1.0
1.0
1.0
1.0
1.0
1.0
1.0
1.0
1.0
1.0
0.9999999999999996
1.0
1.0
1.0
1.0
1.0
1.9999999999999996
1.0
3.0000000000000004
1.0
2.0000000000000004
2.0
2.0
1.0
2.0
2.0
1.0
1.0
2.0
1.0
1.0000000000000004
2.0
1.0
