3649
570
580
599
623
585
587
623
608
589
583
553
596
593
561
606
586
601
558
582
554
570
571
594
566
566
566
582
587
615
565
565
528
564
563
593
565
548
568
592
585
585
593
584
613
615
570
543
545
543
543
584
543
588
557
583
596
613
632
585
593
594
573
601
605
604
624
572
550
597
583
597
595
597
561
598
591
604
594
584
584
558
578
577
587
585
580
585
575
559
618
590
574
594
581
609
594
603
601
560
