3606
660
705
719
694
725
725
715
688
746
688
676
730
682
705
662
682
682
698
674
710
674
686
681
699
682
699
672
666
688
656
693
696
711
678
678
683
683
666
688
698
655
657
637
637
723
666
696
671
679
678
749
699
668
663
677
677
643
643
677
692
685
679
662
670
648
648
669
674
650
699
671
671
671
707
645
680
678
680
690
674
689
685
747
698
681
696
702
725
701
666
661
690
700
685
685
678
678
681
694
