3541
547
2153
555
547
597
558
531
596
568
620
598
591
609
570
570
579
615
592
557
570
603
586
578
581
537
601
570
580
564
592
580
542
603
581
594
594
594
594
588
569
637
557
569
564
567
564
564
564
577
609
600
594
590
593
610
594
588
606
570
560
581
548
585
606
623
620
561
577
577
571
581
589
607
583
595
562
565
565
548
593
592
560
545
572
567
553
553
553
596
570
559
569
544
598
574
589
544
574
592
