4.541
2.547
4.1530000000000005
2.555
2.547
2.597
3.558
2.531
1.596
1.568
2.62
2.598
1.591
1.609
1.57
1.57
2.5789999999999997
1.615
1.592
3.557
1.57
3.6029999999999998
1.5859999999999999
1.5779999999999998
1.581
1.537
1.601
2.5700000000000003
2.58
2.564
1.592
1.58
1.542
1.603
1.581
1.5939999999999999
1.5939999999999999
1.5939999999999999
1.5939999999999999
2.588
2.569
1.637
1.557
1.569
1.564
1.5670000000000002
1.564
1.564
1.564
1.577
1.609
1.6
1.5939999999999999
1.5899999999999999
1.593
1.6099999999999999
1.5939999999999999
1.588
1.6059999999999999
1.57
1.56
1.581
2.548
2.585
1.6059999999999999
1.623
2.62
2.561
1.577
1.577
2.571
1.581
0.589
1.607
1.583
2.5949999999999998
1.562
1.565
2.565
2.548
1.593
1.592
1.56
1.545
2.572
3.567
1.553
2.553
2.553
1.596
1.57
2.559
2.569
2.544
1.5979999999999999
1.574
1.589
2.544
1.574
2.592
