19.245
6.85
3.9
4.995
5.115
3.9250000000000003
3.935
5.115
4.04
4.945
3.915
4.765000000000001
3.98
3.965
4.805
4.03
3.93
4.005
5.79
3.91
4.77
4.85
3.855
3.97
4.83
4.83
4.83
3.91
3.935
4.075
4.825
3.825
3.64
3.82
3.815
3.965
3.825
3.74
3.84
3.96
3.9250000000000003
3.9250000000000003
3.965
3.92
4.0649999999999995
4.075
3.85
4.715
3.725
3.715
3.715
3.92
3.715
2.94
3.785
3.915
3.98
4.0649999999999995
4.16
3.9250000000000003
3.965
3.97
3.865
4.005
4.025
4.02
4.12
3.86
3.75
3.985
3.915
3.985
3.975
3.985
3.805
3.99
3.955
4.02
3.97
3.92
3.92
3.79
3.89
4.885
3.935
5.925000000000001
3.9
4.925000000000001
4.875
4.795
4.09
4.95
4.87
3.97
3.9050000000000002
5.045
3.97
4.015000000000001
5.005
3.8000000000000003
