8.212
2.3200000000000003
2.41
2.4379999999999997
2.388
2.45
2.45
2.4299999999999997
2.3760000000000003
1.492
2.3760000000000003
2.3520000000000003
2.46
2.364
2.41
2.324
2.364
2.364
2.396
2.348
1.42
2.348
2.372
2.362
2.398
2.364
1.3980000000000001
2.3440000000000003
2.332
2.3760000000000003
2.3120000000000003
2.386
2.3920000000000003
1.422
2.356
1.356
2.366
2.366
2.332
2.3760000000000003
1.3960000000000001
2.31
2.314
2.274
2.274
1.446
2.332
2.3920000000000003
2.342
2.358
2.356
1.498
1.3980000000000001
2.3360000000000003
2.326
2.354
2.354
2.286
2.286
2.354
2.3840000000000003
2.37
2.358
2.324
2.34
2.2960000000000003
2.2960000000000003
2.338
2.348
2.3
1.3980000000000001
2.342
2.342
2.342
1.414
2.29
1.36
2.356
1.36
1.3800000000000001
2.348
2.378
2.37
1.494
2.396
2.362
2.3920000000000003
1.4040000000000001
1.45
1.4020000000000001
2.332
2.322
2.38
2.4000000000000004
2.37
2.37
2.356
2.356
2.362
1.3880000000000001
